283858
1039005
1632666
958786
638818
1129894
1757663
1092602
1757104
111908
867780
1279262
639839
1188986
1072680
1437349
638509
820975
41318
2090
159045
829917
1230375
958731
1736165
1120138
1749575
1107341
1573476
798655
1598581
1600060
934075
1430479
117785
323109
1007005
160157
940904
1758377
1731240
953691
1757626
1759164
137336
1389872
639575
316561
1123994
914393
1276915
1265239
1102152
1727891
319266
457623
83150
1038065
1710776
958852
1759223
1756861
1216644
1119807
1599029
794465
528028
296284
209410
1418111
479259
1285696
638694
817948
169962
1381205
957269
159982
39574
131087
124163
558092
33334
831502
638909
80613
1000015
958816
49732
186045
1057869
958551
2100
103171
916986
959680
1357094
958543
1413178
319255
889887
1342579
957725
952091
479032
261725
613126
866068
1021024
1279720
956785
958911
1742663
1118452
1759180
1598653
160244
345298
45871
957234
1087108
1118835
479062
37505
912524
160007
420289
1121856
319700
934406
1098533
1437780
1118567
412258
506752
238823
818069
988421
