982955
1437994
1235177
1117891
638896
197200
813786
798081
959632
1118659
735100
139726
600641
1177273
92716
30410
159409
26211
935659
150739
210794
65006
1040608
479458
928121
1099798
774396
1128699
799414
160232
877062
478647
860319
868610
639408
242757
759997
792133
797247
56729
958371
1102002
799171
478662
914007
1132709
799432
1434133
30183
38519
28245
969104
844913
799928
639672
671896
774060
440474
54715
1453382
1439106
958509
1355226
893174
800047
945421
1439648
1437529
160293
1104741
799355
886078
797219
1124243
798625
1232866
1548728
639092
398064
879038
797933
159859
12333
38228
798382
895330
958917
1438984
1278329
1118796
1440096
1278153
1119325
1438296
1119146
320031
5996
4084
34287
311029
2047
122881
4002
817083
139057
160136
1034595
845222
571775
