1300161
1204870
1519762
965032
1041690
1010914
986876
1149605
1480192
932278
910583
952774
1369361
1098688
953198
1095261
1645898
1427792
1486056
1314345
934129
1052023
1255307
1467890
1811031
1700275
1151947
1479413
932884
1099274
986547
969971
1154679
1262108
909171
162559
1033722
1207818
1013353
1216421
1764085
1054937
1042423
1710218
887391
1104795
1153243
1750813
1789283
1810156
1010780
1808482
938402
1791252
1776580
1353827
1171618
1149650
940471
1511159
1810032
992697
1508756
959451
1055307
1204571
982194
1153833
1187298
821426
867700
986778
1071396
1207406
1597519
1041906
1307449
984780
1084630
1760294
1373810
1205722
1808954
1811197
1758317
1208907
1154944
1481645
1255992
1808107
1758810
1207882
1206076
1649042
767979
1497742
1758924
1807473
988152
1039286
1099064
1205589
935455
1807528
1808277
1018093
989139
1536445
1342727
915478
1382434
1296930
1039762
1322708
1264825
1265715
1509792
1811135
1245757
1154198
1479819
1811110
1701560
1043995
1745141
1040362
1039720
1315649
1099057
1263439
1810651
1757690
1369119
1152454
1759439
1375336
1807959
714113
972463
1804725
1066259
1790082
986708
1808757
989832
1042283
1478811
916668
1481608
1297442
1147830
1154264
54571
