841380
864499
666282
770128
940678
847444
1106680
1217348
1660020
885344
996012
940678
1162014
885344
1106680
940678
906189
885344
47754
238391
867152
1093036
987674
1660020
1702847
1585736
1272682
1438684
1660020
1660020
1694888
885344
1660019
848960
238770
1335151
1155571
914906
1038081
755726
957354
951290
885344
1020647
869805
1183238
911116
1691856
1489849
1660020
1660020
1494018
1106680
991843
981988
996012
1623636
1660020
1111607
1030122
1383350
885344
1111228
1110470
1272682
936888
940678
940678
877006
1102132
1549351
885344
450252
1076739
885344
996012
1050967
1536845
935372
1162014
1549352
1549352
996012
1109712
1162014
940678
1106680
885344
833042
1103269
1434515
1327637
1051346
1215073
1217348
885344
1549352
1014583
1221895
1033911
1022542
988053
1205599
1051346
1660020
1660020
1671769
1660020
1660020
1660020
784530
1162014
885344
847823
999802
903536
881175
1176037
1106680
1106680
292588
1263964
291830
940678
1603928
892924
818261
940678
996012
1475067
147052
110668
498006
553340
4169
1664947
1169594
1660020
1660020
1660020
892924
166002
221336
110668
70115
146294
268711
1091141
221336
55334
936888
830010
697360
1106680
1660020
1660020
940678
1265860
1655471
1494018
1106680
1162014
1660020
166002
1516
276670
262647
1649408
1293906
858056
570016
498006
774676
1440579
55334
221336
864120
876627
387338
709109
80727
221336
1628563
1660019
1660020
866015
110668
452147
498006
1672906
1697919
1660020
1031258
1687308
1660020
1559964
1660020
1660020
1068022
1071432
498006
1571713
1687687
29562
92476
133029
114458
88307
190258
414626
1660020
1660020
358534
387338
342616
664008
80348
885343
387338
1660020
1660020
1708911
1660020
1660020
1702847
664008
55334
904673
885344
332004
997528
391506
430165
1660020
30320
55334
355881
885344
332004
360808
16676
604126
1660020
1648650
1667979
1660020
1666842
1651303
1660020
1660020
1667979
29183
43206
55334
1201051
1106680
987295
1162014
858435
47375
350954
452905
27667
126207
21224
