293698
1129055
798783
129229
78891
661051
954064
160335
1492784
1438218
1019371
1020140
958876
160338
6113
46348
1427387
1798024
958307
234478
960700
1600562
1199867
1758149
1762733
960364
1251044
1246341
1758542
1758230
319492
1466882
1120419
1371684
1114126
478539
70823
788625
1211692
1096866
1595000
1024632
959797
1753887
1757241
1411860
958452
959343
953463
1083481
1757022
1758292
1745171
1755501
1758387
479632
483731
167394
958428
1790754
1765966
1756808
479202
1038137
978030
1439281
1437963
1438865
1758040
1757785
1438086
1758489
1757428
1758478
958244
1248446
951859
1756848
799157
1086551
959215
480419
1512858
959909
1746363
1758440
1278655
1256125
1118693
320574
209855
786274
1314654
1117928
1757723
1757266
1379704
1119683
1011408
159766
1759508
1756306
841686
1021364
1757246
1758553
1896646
1758747
1438532
1437934
1757697
1116519
1118481
1753459
1894870
1758077
1352882
443623
1387997
958393
959164
1272732
66843
1001109
318890
958333
959356
1186438
159900
1721911
959041
639275
127420
40671
1688381
319983
1488030
1499521
1516282
1037099
1084283
1118860
958712
1440533
1278977
1756051
1758031
1437770
319581
317502
546639
388463
505753
1014418
572895
234368
794816
6067
745268
975608
692626
1739403
1120032
1866968
960757
1101583
1599131
319329
244797
1110816
798178
585373
1291367
1118287
1118820
1438763
1576392
1438808
959475
182188
110858
