21467
796272
1725458
1376399
1233391
1268282
989001
1637235
1740443
2546877
1862938
2281180
1847040
2830509
1589229
2585620
1950539
1391023
1197085
1752181
931881
2135544
1605587
1758691
1916029
1902636
2120134
2018830
1448745
1907298
2515233
1931991
2045422
1906791
2410305
2118904
1913972
1931228
1923814
1834587
2205541
1659032
2070916
1125595
2322258
2191224
2089681
1831502
1879148
1665653
2511362
2418747
2050786
2620804
1730432
2469260
2674179
2431803
2715797
2709560
2656594
2078870
2614203
2494946
2791410
1558129
