1045000
1485000
825000
110000
18000
14000
81000
1198000
1095000
1353000
1415000
1043000
908000
880000
1533000
1405000
990000
1375000
6000
165000
194000
70000
275000
999000
880000
817000
825000
122000
806000
859000
25000
827000
880000
824000
990000
880000
165000
898000
550000
1098000
330000
349000
795000
1155000
1540000
428000
19000
747000
949000
897000
1035000
915000
1252000
1459000
1023000
1210000
1045000
1540000
1264000
1538000
1265000
6000
874000
1540000
1485000
165000
795000
828000
1572000
981000
1136000
1211000
1171000
1307000
1010000
970000
1265000
990000
385000
930000
55000
121000
494000
157000
