873000
863000
160000
1210000
1693000
1220000
1724000
1336000
1252000
1228000
1076000
320000
888000
960000
404000
497000
485000
924000
880000
1328000
1120000
168000
501000
160000
252000
487000
588000
912000
160000
163000
304000
168000
1553000
1060000
1392000
960000
1600000
1220000
940000
1000000
917000
982000
960000
1120000
1236000
906000
892000
1220000
960000
960000
160000
1384000
1164000
928000
920000
1600000
1596000
1220000
1600000
1108000
1600000
1268000
1572000
1600000
480000
960000
1368000
1024000
984000
1307000
1280000
960000
1692000
640000
1321000
461000
415000
992000
840000
334000
484000
734000
161000
1164000
908000
960000
1640000
1236000
1120000
960000
160000
252000
176000
919000
1016000
1208000
1172000
960000
1184000
960000
1120000
800000
336000
912000
976000
160000
904000
168000
987000
1024000
1280000
412000
390000
216000
1079000
976000
976000
808000
771000
623000
959000
160000
1280000
1400000
640000
968000
960000
1120000
1420000
640000
244000
239000
168000
225000
1237000
1692000
1600000
1260000
1600000
868000
572000
850000
732000
1045000
992000
840000
916000
879000
1228000
892000
160000
34000
30000
45000
3000
38000
26000
40000
105000
22000
15000
33000
4000
12000
84000
5000
21000
45000
84000
11000
84000
30000
27000
98000
124000
71000
27000
8000
59000
110000
21000
123000
19000
3000
45000
30000
41000
72000
103000
17000
84000
84000
84000
84000
34000
106000
65000
84000
38000
3000
107000
83000
