960000
1280000
1120000
960000
800000
1280000
1280000
960000
640000
800000
960000
1120000
800000
960000
960000
800000
960000
1120000
732000
800000
1280000
1120000
1280000
800000
1280000
960000
800000
1280000
960000
800000
1296000
1280000
960000
800000
960000
1280000
960000
1120000
800000
800000
800000
960000
1120000
960000
1280000
1280000
800000
800000
960000
960000
960000
960000
800000
1120000
760000
800000
960000
1280000
1120000
1280000
320000
1280000
1280000
1280000
1120000
1280000
1280000
1120000
1216000
1280000
1280000
1280000
800000
800000
1280000
800000
1280000
1120000
960000
1280000
1280000
1280000
1280000
1280000
1280000
1280000
1280000
1280000
1280000
1280000
1280000
1280000
1280000
1280000
1280000
1280000
1280000
1280000
1280000
