716000
736000
1280000
1147000
775000
769000
1120000
1280000
1280000
1345000
1280000
1242000
1280000
1120000
1280000
1280000
1280000
1280000
1280000
1280000
1280000
960000
1280000
1280000
1268000
1280000
1280000
1280000
1280000
960000
1280000
1280000
1280000
1280000
1280000
1280000
1280000
1280000
1280000
1280000
1280000
956000
1280000
1280000
1280000
1280000
1280000
1280000
1280000
1280000
1280000
1280000
1280000
1280000
960000
1280000
960000
1280000
1280000
1280000
1280000
1280000
1231000
1120000
1120000
1280000
1280000
1280000
1280000
1280000
1280000
1280000
1280000
1264000
1280000
1333000
1280000
1280000
1280000
960000
160000
730000
585000
657000
770000
913000
1013000
1120000
1080000
1280000
960000
800000
800000
800000
1120000
800000
799999
800000
1120000
1280000
800000
960000
1120000
1118000
960000
800000
960000
800000
1276000
1120000
960000
1280000
800000
1280000
1280000
1262000
1280000
960000
960000
1280000
1280000
1280000
1280000
1120000
1280000
1280000
1280000
1267000
1280000
1280000
1280000
800000
1280000
1280000
1280000
1280000
1280000
1280000
1264000
1280000
1280000
1280000
1280000
1280000
960000
1280000
1280000
1280000
1248000
1280000
1280000
1280000
1280000
1280000
1280000
1280000
1280000
795000
1280000
1280000
1280000
1280000
1280000
1120000
1280000
1280000
1280000
960000
1280000
1280000
1280000
1280000
1280000
1280000
1280000
1280000
800000
1280000
1280000
1120000
1280000
1280000
1280000
800000
1280000
1280000
1280000
1280000
1280000
1280000
1280000
1280000
960000
960000
1280000
1280000
1120000
800000
1120000
