1118899
1354542
1302938
1919953
160116
80641
783610
1048944
1132654
1278935
1630319
1277798
2078175
2035554
2077136
1560666
1120282
2079517
440514
1100440
319523
1260967
1438840
1119639
524081
988094
1120842
1327317
1432410
2078538
1924612
1431093
1437312
1120842
1207412
1118415
1067342
1118506
1439128
1636660
1918143
514200
2078362
2079790
1917283
2078685
320081
1848513
1278753
1760029
2077331
1757362
2078302
2078194
2080052
2077807
2077141
800761
64930
1439349
1277957
1571714
1758574
1223895
1402477
1594434
2079761
1758497
1223856
799511
1439716
1700968
1275777
320132
197779
1068119
2028296
2077712
639184
8062
2079795
1431583
160239
916373
1061743
47462
1517896
1118391
1439335
2055575
145366
1049214
798790
929456
1277324
1289165
1278672
1916399
1918151
1439819
1758929
2081376
1439140
1063464
1026750
1917480
1599550
2079146
1759088
1901448
2079211
1277939
1598440
2076252
2078864
2079957
1599363
2077053
1759077
1280170
1439749
1119704
2078702
2078916
1278130
1120092
1119146
