240284
1758106
1599363
1277199
1728352
160272
111187
28662
252502
1423130
2236131
2238633
319026
2204283
480083
23291
1178010
1438237
1278194
320362
1503980
1278059
1758412
319532
299222
2256270
2098565
1440291
1734396
2078432
639670
765387
1717453
84164
3619
76832
743847
123569
82507
698999
444319
132537
120247
2237350
1598410
1560933
2243647
638956
614768
1160487
1119130
1263325
2078068
1561904
319818
1537442
1277578
479065
1203700
1410727
1676120
1597716
2239588
1175734
2080234
2239020
1245062
1278627
2235158
2238166
2238889
2241608
2240279
1279740
2076900
1308871
1248308
2235841
2240453
2235848
2239001
2239798
1917402
2239353
2237366
2322064
2238081
2237741
1917749
2239148
2238192
2263280
1751663
1235472
2169060
319157
2239451
2237783
2236387
2238013
1279003
2237469
2238366
2237305
2239437
2195279
2239521
1918972
1598755
1758240
2236931
458849
683681
8971
1298177
2237481
478636
84204
84166
