623788
379720
1276457
1276559
1920145
1437799
50988
1062526
26821
2050901
638861
1648797
159687
71640
1234145
11019
155058
810505
1635198
319602
1643866
160096
8860
159924
1916462
566255
1470801
319376
2156870
1252912
798807
637519
563543
458067
217796
688974
97245
221735
2052381
1438452
798893
1864348
1437199
1277409
639975
697238
148944
631262
25431
682294
1458253
1879210
479629
1536562
639769
634045
1335966
1118332
105849
1233302
639410
1259986
2237318
2237142
2081972
2189977
319637
1689350
2220092
474210
465272
911211
159470
798352
613875
479725
11095
1203862
1598084
2235958
2237121
