1120000
1120000
1120000
1120000
1120000
1120000
1120000
1120000
1120000
1120000
1120000
1120000
1120000
1120000
1120000
1120000
1120000
1120000
1120000
1120000
1120000
1054000
1120000
1120000
1120000
1120000
1120000
1120000
1120000
1120000
1120000
1120000
1120000
1120000
1120000
1120000
1120000
1120000
1120000
1120000
1120000
1120000
1120000
1120000
1120000
1120000
1120000
1120000
1120000
1120000
1120000
1120000
1120000
1120000
1066000
1120000
1120000
1120000
1120000
1120000
1120000
1120000
1120000
1120000
1120000
1120000
1120000
1120000
1120000
1120000
68000
1120000
1120000
1120000
1120000
1120000
1120000
1120000
1120000
1120000
1120000
1120000
1120000
1120000
1120000
1120000
1120000
1120000
1120000
1120000
1120000
1120000
1120000
1120000
1120000
1120000
1120000
1120000
1120000
1120000
1120000
1120000
1120000
1120000
1120000
1120000
1120000
1120000
1120000
1120000
1120000
1120000
1120000
1120000
1120000
1120000
1120000
1120000
320000
1120000
1120000
1120000
1120000
1120000
1120000
1120000
1120000
1120000
1120000
1120000
1120000
1120000
1120000
1120000
1120000
1120000
1120000
1120000
480000
1120000
1120000
1120000
1120000
1120000
1120000
1120000
1120000
1120000
1120000
1120000
1120000
1120000
1120000
1120000
1120000
1120000
1120000
1120000
1120000
1120000
1120000
1120000
1120000
1120000
1120000
1120000
1120000
1120000
1120000
1120000
1120000
1120000
1120000
1120000
1120000
1120000
1120000
1120000
1120000
1120000
1120000
1120000
1120000
1120000
1120000
1120000
1120000
1120000
1120000
1120000
1120000
1120000
1120000
1120000
1120000
1120000
1120000
1120000
1120000
1120000
1120000
1120000
746000
1120000
1120000
1120000
1120000
1120000
1120000
1120000
1120000
1120000
