960489
959594
1119790
1119417
1119367
1280476
1524302
1759530
1279374
1599448
1280127
1119879
959705
1599570
1278119
1281866
1599405
1758841
1439499
1759113
1760820
959664
1401933
1758732
959658
959087
1119423
1759207
960731
959063
1119753
1438933
1760586
1759513
960698
1760062
1760206
959208
1598346
1760696
1120329
1279941
958608
1758771
1759988
1120145
1758417
1759039
939013
1759958
1440514
1760987
1760546
1759166
1759179
159819
160524
677845
1302300
1120079
1760643
1760644
1759771
1761037
1279288
1599852
959420
1758054
1760558
1084431
159615
