833000
982000
275000
55000
372000
356000
770000
853000
855000
1094000
1045000
916000
880000
327000
872000
961000
220000
323000
1122000
1375000
660000
793000
1158000
914000
55000
935000
1045000
931000
55000
1344000
1155000
1045000
1045000
1430000
550000
1052000
1001000
1045000
1144000
220000
13000
7000
920000
1667000
961000
1692000
1705000
880000
1164000
862000
1485000
380000
894000
959000
220000
1339000
1667000
1207000
330000
455000
55000
440000
902000
1141000
1100000
976000
1132000
1705000
1705000
1705000
1210000
1045000
1705000
1694000
1705000
880000
1705000
1320000
503000
1705000
1705000
1692000
352000
801000
7000
990000
1443000
1265000
1210000
1375000
1430000
1039000
440000
861000
485000
292000
165000
27000
233000
1694000
217000
493000
840000
275000
827000
150000
1147000
1100000
1630000
