922019
610929
759396
965943
669372
742335
145563
858495
907500
1328217
820380
1017489
809853
1254891
984456
787347
733623
790251
586971
771012
1128204
803319
810579
278784
763026
921657
139755
901329
950334
810579
882452
83853
1537305
1537305
1537305
1537305
1537304
1537305
1145991
1537305
1537305
1537305
1034187
1537305
1251987
1537305
1537305
1537305
1537305
1537304
1537305
1537305
1537305
1537305
1537305
391314
1537304
1537305
1341648
1537305
1537305
1535853
1537305
838530
670824
744150
826914
766293
772464
838530
882453
781176
1022571
27951
972477
1006236
1145991
810579
1313697
1537305
621093
860673
967758
795696
178233
39204
817839
279510
1003332
307461
792066
819291
27951
1518428
1491204
1059960
1290465
1515525
782628
1509353
1502818
1486848
1526052
1507175
1533312
1533675
776094
111804
802593
753225
478797
1515433
837078
782628
1513347
1517340
1536942
1430583
1537304
1529682
1517703
950334
1537305
1537305
1537305
1527141
810579
1490115
1526052
1033824
1537305
1516251
1481403
1173941
1537305
850146
7260
504933
37389
54450
12342
821106
447216
260271
15246
352473
71148
853776
363363
763752
931457
205458
914034
973203
1222947
139755
120516
524898
6534
3630
772827
838530
773190
218163
269346
635250
88209
609114
198561
911492
848694
252285
874104
756855
391314
740520
45738
767019
726726
410553
65703
190938
719829
843975
83853
955052
1034187
1062138
1201893
810578
838530
838530
820017
810579
1537305
950334
782628
1537305
1341647
279510
363
881727
778635
894431
759033
548856
5082
474804
7260
165165
363
49368
760485
99462
163350
42471
219252
763026
384054
11616
63162
594957
782991
1025112
111804
609477
132858
87483
760848
184404
696234
955416
956505
825462
1201893
1202982
1537305
1498827
1517340
841434
1515888
1369599
1537305
1534764
894432
810579
1537305
1536579
1534764
1537305
1514799
1509354
1537305
1537305
1537304
1537305
1537305
1537304
1498464
1537305
1535490
1536216
1537305
1521333
1537305
1199715
814208
32307
1512257
1510806
1534401
1369599
1537305
1537305
1170311
1537305
1531860
1537305
1537305
1537305
1090089
1537305
1537305
1537305
1537305
1313696
1514073
1537305
1520607
1537305
1519881
654852
1397550
1537305
1537305
1537305
1537305
1537305
1537305
1537305
1425501
808038
782628
27951
201828
749958
1005873
779724
735801
779361
55902
83127
103818
726
193116
4719
819290
773916
906048
307461
657756
903869
1521696
1010229
856317
1069034
190575
789525
574629
55902
27951
6171
726
10890
559383
331782
27951
355377
83853
17424
223608
1815
478434
70059
70785
106359
75141
6534
27951
27951
22506
726
771375
736527
226149
540507
839619
867207
810942
880275
866481
847605
922383
894069
861036
777546
997887
391314
251559
785169
1131108
767745
1123847
1462890
830907
1220043
780450
1013857
810579
195657
522357
93654
1815
11979
139755
666831
26499
218889
922383
195657
