916016
1002219
1024663
863512
865634
1060430
665461
70557
976583
993551
864720
265999
33726
54223
22888
850067
930356
62213
1119163
994308
864001
398842
69105
513179
1055386
199387
635614
864689
863229
1184707
1184520
996406
1065555
1460486
1197776
599648
637313
438198
391022
1243142
1134577
1240574
1353125
1106110
979941
1662616
1663050
665013
844582
863369
799703
980241
732321
867922
527705
1070386
577289
1127712
1065208
1131416
1662910
1462900
665731
1595988
401212
816424
1091073
929993
1228941
970193
1664056
1659648
1197186
1663512
266399
1151736
1032155
1663060
532452
855061
132551
257454
661399
997133
1247374
1663201
1329641
997202
465596
863038
1131059
1424012
996841
1171083
1465095
864192
132994
143090
459387
790728
1166479
999332
214151
957486
1111034
864056
265070
1090960
859946
997488
504480
878825
1017736
598285
243235
1531432
511319
1091404
997139
1076021
1530113
1462317
464821
443575
6290
877997
902803
542922
25133
41378
95863
592208
1096862
997867
873247
1006229
909389
1195783
930594
996547
723414
4302
677074
