1296421
868191
1533184
1507043
1064681
86316
990757
1159318
901303
1194997
1178534
1365009
1330781
67172
72615
20189
602298
937278
533433
272496
4222
1298635
1102510
1123301
1198745
1527654
1196971
1131622
598554
1193307
1753620
266387
909749
1464898
930223
133043
746657
493727
56860
516237
930879
928401
1064473
1463234
1796984
666388
133012
1147756
1121197
1397447
1197300
1000543
1798020
465327
256910
36307
242387
32357
1182040
818947
293390
1018539
1728908
1797226
1795913
866258
998726
971104
1518045
1065724
1396921
1399080
1060199
892264
65984
1760437
1332681
1104778
1261346
926400
1407297
1242604
732782
188598
1474188
461904
91373
266454
1041262
1260136
1398162
1331425
531740
100807
915522
1798629
466561
1065579
1280304
1798839
248898
997514
932563
1056815
1196313
1797002
532635
1461352
464529
1063466
1129277
1199730
929323
660084
445040
133602
279597
619778
329312
999452
1130027
733730
932043
666628
933279
1748414
1008295
332334
1133135
1799515
1798691
1727336
932067
1732791
1465001
997557
1795972
1800572
1799222
1800184
1797495
933664
133487
949222
66601
193764
499895
875260
1067644
932695
1265297
1123768
1703570
199719
1998
932242
999529
1731326
1465352
1794769
935043
1796461
1731423
1798664
132546
846626
113223
68722
189998
155012
70851
182134
34294
6017
1122900
1064643
903776
133597
1375074
1177587
867181
720927
1800080
411269
481113
14168
66732
485289
468088
30333
641912
786746
732387
662145
187380
113789
933112
1201277
266742
529186
957033
66486
1734882
1796827
1274411
1715320
1067209
1462780
1264231
932803
932192
1132737
533047
272048
