832249
850585
817814
59430
24914
232423
792411
83574
32876
852022
823428
914929
221638
828428
996739
1147642
1277602
525469
83372
814929
915669
896856
886654
962102
831238
8209
1424332
1356497
971672
1358043
830133
1609197
862669
833808
833702
377839
1030012
1239600
998665
1561215
861188
1597441
873525
1601575
940349
1609002
1601232
1610160
1109553
1604974
943318
913381
1052287
1608041
22759
809858
888760
902013
916717
1025014
971165
858438
970379
915197
829417
1026253
886365
916587
893308
1248280
1055543
1055023
1219110
484783
887564
138797
71751
1363538
1163204
831724
441487
23511
828333
914182
967454
580464
928103
911868
1301437
1302258
1302329
1597874
1582538
1578783
1551326
1076619
884672
1084162
1606226
1607150
887676
1138724
1332500
861447
1438386
865008
1386287
905406
1602152
1052467
1604864
1604313
1600673
1027722
1604267
1609448
1606713
1605826
1607729
1608237
1300892
1386172
1605451
1608645
888327
831895
889155
138192
205884
281733
48154
66181
31908
913938
1304039
1082165
1126180
912973
1051731
954363
965809
1178349
1051254
887483
1163180
1580930
889032
917658
443312
1608274
1334535
937614
1035802
1588136
1379070
1607899
1607447
1608298
1606416
970266
1604586
1496207
863168
888041
876893
304724
804211
760097
293088
859366
952932
1348110
828455
887235
1080445
272374
57618
27735
53679
59081
238202
609837
858702
940839
1026108
808146
858677
803646
744014
551632
81459
907594
1053394
970939
527147
27789
258335
942454
958106
1336991
1606480
1273272
956895
564585
