859297
772693
54892
857537
835395
797079
1499028
995688
797714
66208
912123
817570
132437
302255
36745
780674
199056
40739
66371
780929
518002
802234
1462460
1515471
1527367
63017
85568
715362
12193
24399
61207
1335189
1122708
862618
797650
330431
995190
985501
1195344
1393918
1524388
1417389
955513
1121800
922228
1525742
1527450
1485071
1527507
1521412
1262561
985282
663728
67718
763038
1447878
1524760
692741
534932
759374
663875
522695
655049
133276
2058
16067
694863
372726
1020586
1074717
1276526
920622
597860
428774
1206666
166967
453523
544874
928389
775148
931054
465342
512652
918736
320199
12199
104037
1393444
1366669
1393043
132999
956414
1498671
1404826
789851
10138
100353
506534
1190159
1527047
250229
30510
99794
10179
6105
4060
4057
30519
586534
66039
808899
