2053727
1997361
1076543
1735205
1743130
2246981
1815082
2410376
1921577
1938949
577819
862705
936724
1289756
1233783
1453021
1428574
1769826
1413921
1787946
1541116
1941082
1414362
1739937
570441
1383815
1768358
1249670
1958425
1565511
1627243
1961146
1666744
1568778
2139668
1633610
1762355
2298278
2404908
2434841
2360069
2577075
2153342
2760896
2513905
2570639
2733743
1957154
2700866
2656332
2673907
2759543
2770446
2714591
2515355
1678429
2182265
1743280
816415
17258
628337
1589570
1232387
2382545
1443758
1451529
1622192
1135080
1875463
1509291
1774767
1950120
1381492
1725188
1907536
1485968
2036602
1422806
1570100
2665381
1428245
1925288
505455
