923928
1752241
1507981
1485408
1484402
1835993
749062
799201
1052658
1316255
1208290
1730270
797504
1461815
1645992
1415026
1110514
1806309
1910703
1494808
1650541
2211969
1053027
1190198
1442846
1133670
1502467
1452994
1084599
1000495
148453
1070225
1385000
1336198
1739054
1764659
1630251
1647888
1593777
1897949
1835226
1713336
1240612
1890007
2117565
2403284
1809299
1827636
1809546
1845907
2179956
2426980
1856028
2139436
1674328
1826167
2000635
2024648
2523950
1838081
2299142
1724888
1307346
963683
1287808
1368833
1969457
1764131
1742401
2574895
1921578
2232405
1669826
1195520
767852
2544410
1997164
2680689
2333056
2177898
2147881
2110723
1642653
1558967
1907430
1848566
1809184
1834131
2205545
1804739
2253010
1863588
2669699
2266315
1342232
1648587
1853550
1650591
2450964
2776470
2616647
2439419
2690828
1563914
2593190
2335711
1936784
2840947
2000323
1633861
2033132
2847869
1757733
2187126
558032
2512670
118197
1133529
793605
1273540
1829972
1467958
258702
651451
884909
944139
1325477
2431739
1736870
904414
1188086
987680
1339111
1563956
1523609
1462742
1444570
1258576
2107362
1899893
1471171
1805844
2077316
1592345
555830
949175
1051519
1244449
2411846
1787995
2116218
2819563
2162839
2762605
2724723
852977
1589834
1598687
1621746
1437847
1322152
1245762
752528
2073539
2097427
2361261
1822228
1553968
1576882
2234165
2575883
1749871
2348041
1494641
1503881
905250
1803030
2243925
957135
1279906
1050840
1541863
1683963
1142289
1654413
1428263
1756277
2388467
2501164
2250152
2013346
1513511
56208
268321
780444
1194853
1177265
1382507
1765615
1232683
1524525
1463479
1205194
10170
69321
246879
4614
57526
4843
5237
60093
4587
9803
363546
25844
610149
47726
10449
15965
30674
15716
98314
40027
14949
62597
39229
