835123
1477051
1447811
1376625
1718750
2143323
1588564
1064991
1902340
1942726
2507653
2426261
2511131
2823406
2350882
2622165
2774402
2481114
1803890
2744688
2715813
2659557
1599030
2887734
2758132
1790003
2815370
2729553
2303607
2740657
2774599
2840639
2708131
2589907
2219510
2760952
2820987
2558489
2690886
1902145
1707974
2547866
1490379
1704716
1495778
2246686
1380350
949151
1144054
1916731
2323404
1744001
2215628
1669578
2104931
2169396
2229233
1683586
2102883
1898799
2387232
2505087
2030567
2472445
2333761
1531041
2687123
2630644
2758146
413322
2535511
1136408
56577
181210
