1244254
1315774
1470047
1389948
1860641
1396474
2167732
1957701
2591641
1494700
2347438
1534686
2470503
2597252
2607452
2537597
2645693
2642269
2674850
1578113
2557166
2552205
2142541
2616414
2769559
1611189
1600177
1991801
1789206
2378186
2680643
2651473
2555358
2851171
2749229
2652253
2620363
2802392
2681382
2642005
2751694
2590490
2613070
2675936
2660526
2655222
2863939
2851423
2723177
2560318
2822860
1667688
1696171
2050511
2663078
2862818
2948446
2723983
2764661
2631304
2823330
2729194
2643863
2706697
2819423
2848532
2670167
2844862
2629677
2642259
2547497
2741256
2765741
2838984
2814175
2843277
2818367
2789881
2858405
2547858
1443709
1219503
1680433
1731154
1298252
1965207
2472183
1857608
2793796
2370766
2520910
1987415
1694302
2845370
2278639
852288
1340044
1857808
1563634
2015729
1918141
2099008
2075577
2078932
2759064
2701995
2757123
2700730
2285010
2558484
2853211
2819558
2850088
2841944
2974031
570803
1488024
1425924
1808428
1544102
1682811
2282894
1631328
1716780
1135713
1110794
1279037
2017078
1694274
1916791
1176343
1332866
1510274
1214545
2523802
1491726
1627494
2543853
2456951
1703163
1550427
1877209
2295191
2508500
2446300
2677076
2550723
2154675
2857595
1210081
1548269
1671971
2002097
1463193
1766270
2119857
1546612
2795778
2839185
2001068
2662520
2483424
1718907
2783874
2334540
3034876
2871645
1691301
1153922
1941127
2663176
2390909
1479319
2775048
2412402
1929792
2294648
1992607
1293065
1286405
1253514
1464751
1503934
1745868
2315477
2219730
2523872
2512045
2374365
2639976
2791079
2320453
2260037
2353026
2793278
2900941
2850240
2847729
2682801
2852901
2763223
2268302
2783853
2847332
1428134
2515818
2714093
2851263
2880152
2798321
2829554
1988914
1427101
1303179
1628165
1437847
1496986
1697539
1645807
287449
284210
1007798
1150254
1449221
2110175
1704949
1508968
1664421
1538885
1545856
1550636
1416230
1939895
1711013
1714731
2593315
2288059
2919822
2289927
2226801
2002737
1093558
566830
111239
1358555
1441631
1514975
1673580
1701675
1571720
1441457
1319344
2559896
2604010
2782031
2833494
2584344
2875119
2652150
2862721
1150997
1706490
1943581
2833577
1727080
2844358
2830363
2319674
1725894
2478720
2597919
1788794
1905412
2360215
2623482
2616061
1854134
2493586
2750642
2774976
2729855
2571831
2845450
2774236
1431975
2482749
2472249
2581775
2721124
2778452
2827718
2691433
2852964
1270113
2804471
1792635
1507438
2379964
1875392
2180533
1947617
2348841
1999486
1654888
1638767
2596882
2196011
2484100
1599190
2827926
1679758
787500
1411343
1280055
1482381
1438526
1583455
1674831
1688803
1704807
1970937
1730034
1708979
1755982
2161388
2352402
2826824
2773650
54395
2867246
2851967
2921148
2831270
2773641
2821344
2860496
2839526
2807853
2756357
2781022
2758130
2771998
2908317
2786036
2548605
1205458
337358
155709
2762
7017
192584
92685
96124
89688
93625
