56000
418000
142000
51000
191000
838000
198000
775000
430000
192000
288000
57000
12000
283000
49000
27000
39000
19000
1146000
1188000
1056000
924000
1254000
1584000
396000
136000
858000
468000
1632000
1119000
1352000
462000
762000
48000
583000
508000
855000
132000
208000
172000
842000
384000
66000
959000
1224000
43000
1122000
1518000
70000
121000
1081000
330000
842000
869000
858000
858000
792000
94000
45000
52000
1000
46000
1135000
1105000
1452000
605000
88000
12000
533000
201000
446000
904000
948000
254000
69000
151000
434000
18000
1128000
893000
933000
1173000
928000
1584000
1056000
837000
1169000
1584000
1419000
1489000
232000
632000
907000
924000
330000
994000
566000
924000
858000
489000
1056000
1102000
844000
557000
857000
834000
517000
375000
1008000
1137000
858000
1133000
1313000
1103000
1159000
1056000
924000
1612000
1631000
1243000
1056000
1632000
1211000
1584000
1385000
1518000
1632000
832000
1579000
1626000
1584000
447000
