122000
1169000
924000
85000
892000
327000
892000
1419000
900000
1522000
1092000
1251000
1056000
66000
70000
982000
594000
389000
64000
979000
330000
1265000
1624000
1012000
1056000
1650000
1650000
1584000
1587000
66000
1452000
378000
835000
963000
990000
924000
1452000
330000
808000
973000
132000
739000
1097000
858000
915000
858000
924000
1650000
1188000
851000
1184000
376000
161000
295000
909000
840000
837000
24000
816000
66000
9000
1003000
833000
858000
1381000
924000
1168000
1650000
1056000
1650000
990000
1650000
858000
1386000
1645000
1188000
881000
924000
858000
1593000
1650000
1635000
1518000
1245000
1650000
1650000
1650000
1650000
1650000
1650000
1650000
1584000
462000
565000
922000
990000
1309000
1386000
330000
1608000
701000
57000
384000
819000
1336000
847000
1065000
1202000
1598000
1063000
990000
924000
1650000
1615000
1619000
1579000
990000
1604000
1574000
1627000
1515000
1236000
396000
1056000
1324000
858000
1386000
660000
164000
237000
510000
1602000
1609000
1002000
1122000
1217000
990000
198000
977000
1254000
924000
660000
833000
1193000
887000
462000
1183000
507000
241000
173000
1074000
113000
1006000
1409000
1122000
1650000
528000
858000
1582000
1630000
1304000
924000
1449000
528000
914000
1437000
1650000
1645000
1650000
1612000
1650000
1650000
792000
1078000
782000
128000
875000
319000
846000
867000
924000
1056000
1452000
437000
48000
199000
562000
29000
132000
934000
1010000
472000
1388000
1590000
1453000
726000
