1359000
1056000
1296000
1320000
1338000
1320000
1320000
1320000
1320000
1320000
1320000
789000
1122000
1320000
1320000
858000
1320000
1374000
1320000
330000
978000
1320000
1320000
990000
1320000
1320000
969000
1188000
1320000
636000
66000
444000
141000
792000
1251000
1320000
1320000
1320000
1320000
1320000
1320000
1320000
990000
1320000
1320000
1320000
66000
738000
1320000
1320000
1341000
1320000
1320000
594000
669000
726000
1278000
1254000
924000
1320000
1254000
1248000
1320000
1320000
774000
1194000
1350000
1320000
132000
1236000
1320000
1281000
660000
30000
858000
861000
1320000
1320000
858000
66000
858000
1029000
858000
924000
528000
1002000
1320000
294000
66000
192000
990000
594000
726000
831000
858000
1119000
66000
462000
1116000
828000
66000
177000
612000
1188000
858000
789000
1320000
1320000
858000
990000
1260000
132000
810000
1320000
1320000
1320000
534000
264000
744000
1320000
264000
804000
780000
990000
807000
1056000
792000
870000
528000
1320000
618000
9000
990000
1128000
1188000
984000
1320000
396000
924000
1320000
837000
762000
198000
6000
198000
93000
1320000
924000
1056000
1320000
1320000
1320000
396000
72000
48000
