868000
1006000
1320000
1320000
726000
1320000
858000
1306000
1254000
946000
1320000
792000
66000
1022000
1320000
1174000
858000
792000
1320000
1320000
1320000
1320000
924000
858000
792000
852000
792000
1320000
1320000
1320000
1282000
1320000
1320000
1012000
1320000
1320000
1320000
726000
1320000
982000
1320000
1320000
736000
712000
1320000
1320000
1320000
1320000
792000
1320000
1320000
1116000
726000
1056000
792000
132000
692000
792000
792000
726000
686000
1080000
1254000
1320000
904000
1314000
1320000
1056000
1320000
1320000
1320000
986000
198000
1320000
1320000
1302000
1320000
1320000
1320000
1320000
1320000
1320000
330000
924000
792000
1320000
1162000
1320000
676000
528000
1330000
918000
132000
50000
1280000
1320000
1320000
1320000
1320000
308000
924000
792000
1320000
1320000
1320000
1320000
852000
792000
1126000
594000
1068000
990000
66000
706000
1320000
1028000
792000
1056000
726000
462000
726000
726000
726000
822000
726000
990000
924000
678000
924000
198000
1298000
1054000
396000
874000
1320000
1320000
1292000
1320000
1320000
1320000
1320000
690000
1320000
1320000
1320000
990000
1336000
1320000
1320000
726000
1166000
792000
1188000
726000
1320000
66000
858000
698000
726000
1056000
1320000
1320000
726000
726000
792000
858000
990000
766000
726000
726000
924000
1320000
1320000
1216000
1320000
988000
1320000
1314000
1320000
1320000
1254000
1320000
264000
966000
726000
924000
792000
1320000
694000
1188000
1122000
792000
1320000
1320000
792000
1320000
132000
132000
594000
796000
1324000
838000
858000
1254000
396000
80000
1312000
1320000
908000
1292000
1320000
1320000
1122000
1320000
1320000
1288000
846000
1320000
964000
1320000
1320000
1320000
1332000
1320000
1320000
1320000
1320000
792000
1320000
1188000
1320000
66000
1320000
726000
846000
1320000
1320000
1320000
528000
704000
726000
984000
956000
858000
264000
900000
990000
882000
506000
528000
66000
792000
716000
990000
940000
1320000
1320000
1320000
1320000
1320000
1320000
1320000
132000
766000
1320000
1320000
1320000
1320000
1320000
1220000
660000
1320000
462000
786000
726000
1320000
1320000
1320000
1320000
1320000
1320000
1320000
652000
528000
264000
198000
1320000
924000
132000
406000
132000
30000
594000
726000
726000
726000
726000
10000
1320000
594000
858000
726000
858000
806000
66000
132000
846000
858000
1056000
1056000
734000
1294000
792000
1320000
1300000
1320000
1320000
792000
462000
1056000
1320000
1320000
1330000
1320000
462000
754000
1322000
924000
726000
792000
858000
924000
858000
858000
1254000
924000
528000
1254000
396000
