1320000
1320000
1320000
1320000
1320000
1320000
1320000
1320000
1320000
1320000
694000
1320000
1320000
840000
780000
1320000
1320000
1320000
1320000
1292000
1320000
1320000
1320000
1320000
1304000
1302000
1320000
1322000
1320000
1320000
1296000
1290000
718000
1294000
66000
1320000
1320000
1320000
1298000
1320000
712000
1320000
1320000
924000
1202000
1320000
720000
1338000
1320000
1320000
1320000
1320000
1320000
1320000
1320000
1320000
1320000
1302000
1314000
1320000
1320000
1320000
1320000
1320000
1320000
1320000
1320000
1320000
1320000
1320000
1056000
1320000
1320000
1320000
1320000
1320000
1320000
1320000
1320000
1320000
1320000
726000
1320000
1320000
1320000
1320000
1320000
1320000
1320000
1320000
1320000
1320000
1064000
1320000
1320000
1320000
1320000
1320000
1320000
1320000
1320000
1320000
1320000
1320000
1326000
1346000
1290000
1320000
1320000
1292000
1320000
1320000
1320000
1320000
1320000
1320000
876000
1254000
1320000
1320000
1320000
1320000
1320000
1346000
1320000
1320000
1320000
1320000
1320000
1320000
1320000
1188000
1320000
726000
1320000
1320000
1320000
900000
1320000
1104000
664000
852000
1330000
1320000
1320000
1344000
1024000
1300000
862000
924000
1320000
1320000
1320000
1320000
1320000
1320000
1320000
1320000
1320000
1320000
1320000
716000
990000
1320000
1320000
726000
1320000
1314000
1320000
1122000
1320000
1320000
1320000
432000
734000
708000
740000
1320000
726000
1320000
1320000
1320000
1320000
1334000
1320000
1320000
1320000
1122000
990000
1322000
1320000
1320000
1320000
1320000
1188000
1320000
1320000
1320000
1320000
1344000
1320000
1320000
1320000
1320000
1320000
1320000
1320000
1320000
1320000
1320000
1320000
1320000
1002000
748000
1320000
786000
1320000
1302000
1320000
1320000
1320000
1320000
1320000
1320000
1320000
1320000
1320000
1122000
1320000
1320000
1320000
1320000
1140000
1188000
1320000
1320000
1346000
1320000
1320000
1320000
1302000
1320000
1320000
1320000
1342000
1320000
1292000
964000
1320000
1350000
924000
1320000
1310000
1320000
1324000
1254000
1162000
808000
1320000
1320000
1320000
1164000
1320000
794000
798000
1320000
1320000
924000
726000
1320000
1320000
1320000
1320000
1320000
1320000
1320000
1320000
792000
792000
1176000
1122000
858000
1320000
708000
1320000
1294000
1320000
1326000
1278000
1302000
1320000
882000
858000
858000
1250000
1320000
726000
1056000
828000
1320000
1320000
1320000
1320000
1320000
1320000
264000
66000
1122000
792000
726000
1320000
1320000
1312000
1320000
1320000
1320000
1320000
1320000
1320000
1320000
1320000
1320000
990000
1320000
990000
1320000
792000
966000
1056000
1314000
1320000
792000
1308000
1320000
1320000
1320000
1320000
1320000
1320000
1320000
1320000
1320000
1320000
1320000
1320000
1320000
1320000
1320000
1066000
1336000
1320000
1320000
1320000
1314000
1320000
1320000
1320000
1316000
1320000
688000
694000
1338000
1344000
1320000
792000
762000
1328000
1320000
1332000
726000
726000
858000
884000
1320000
1254000
990000
924000
1320000
1320000
1320000
1320000
1320000
1320000
1320000
1320000
1320000
1320000
792000
726000
1320000
1320000
