1194270
1701468
2135608
2038051
2069994
1392836
1315153
1392222
1458805
1107418
1095859
1591349
1129246
1460751
1193225
1260458
1790278
1126406
1193565
1591363
1959343
1127236
2128080
1471258
1592247
1790679
1724030
1724462
2122210
2122090
1566008
2161992
1127585
2122152
2121806
2131196
1657450
2121590
2121383
2122349
2121080
1706859
2107587
2120889
1325740
2122810
2119078
2121429
2055518
1392601
1127061
2121098
2122150
1790604
2122190
1924638
1723941
2122684
2019248
1658089
2109687
1788708
1723177
1988727
2122168
1904187
2029180
2121242
1622999
1326298
1657656
2121679
2120110
2121005
257962
2122281
1374027
1251576
66230
2121827
2113105
1126741
2121341
1590987
1689862
2121519
1516090
1126810
1524772
1514103
1658024
1126722
1901014
1524871
331649
1127170
2055298
1525097
2121748
1718581
2122045
351150
