1019742
66571
858227
332591
1248263
900955
27211
874934
1314379
865602
266304
296791
29589
94506
675942
150358
18276
757708
157021
224299
390897
1124085
1543575
1532984
466118
965572
29904
238975
228098
1530082
798631
1530975
1098090
436015
823438
1130482
1531371
1361401
1531534
1025977
997976
1198193
798562
1531488
30234
93672
224106
38727
318113
48897
39957
216945
65021
73717
1550700
1531441
745561
838764
95110
69987
5237
285484
638417
35494
31753
24903
47984
21209
266499
24596
215988
1019365
827043
133525
995809
557648
269896
854956
465821
1202615
1197191
798304
132895
227710
6838
27079
22552
47663
998437
964443
1265734
532086
1069200
132427
269954
901322
333472
120296
66929
448453
733761
