17938
68887
28411
1171325
1063902
731465
837651
823024
13821
237347
332223
130382
8511
29426
8349
5239
1320374
1198853
1859627
930380
1010467
171545
1289716
662181
3264
90906
1722989
410008
104360
7398
181563
15794
420454
70791
72861
97482
18836
13687
859215
905447
43304
617721
997276
1345457
1460929
133196
1859619
1367828
132882
1413824
1793468
1726704
1529285
1129871
1567960
1861431
66562
1017073
66865
1348293
1528221
1719679
1328778
331470
987876
1181427
1596085
399261
580190
36766
66132
145927
133111
11511
342913
66386
107722
580954
1222982
266388
11488
1106833
108318
5233
1262234
1861071
1860287
1863080
1198712
1859854
132888
8463
18920
861105
16855
930699
54790
