69000
42000
139000
17000
247000
136000
250000
650000
739000
198000
1000
583000
785000
521000
305000
123000
542000
660000
594000
594000
660000
549000
801000
594000
612000
1056000
858000
594000
1056000
462000
121000
204000
749000
792000
594000
636000
66000
211000
151000
22000
552000
851000
668000
645000
319000
501000
76000
792000
814000
990000
881000
920000
330000
1056000
558000
1098000
1056000
660000
1056000
1056000
1056000
1056000
1056000
264000
661000
712000
824000
990000
792000
1056000
1056000
594000
1056000
892000
587000
847000
132000
16000
727000
809000
264000
627000
601000
66000
800000
687000
1056000
1056000
1039000
720000
1041000
1056000
1056000
1096000
887000
1056000
1048000
1056000
1056000
330000
674000
903000
132000
56000
631000
528000
680000
658000
1096000
1097000
1056000
1051000
264000
696000
396000
55000
613000
644000
1078000
132000
603000
198000
149000
601000
132000
120000
571000
660000
858000
726000
594000
924000
396000
383000
808000
754000
264000
593000
55000
675000
1056000
1056000
858000
792000
1056000
1056000
585000
630000
198000
455000
28000
38000
111000
565000
607000
66000
1097000
415000
2000
85000
715000
198000
164000
131000
6000
4000
297000
28000
264000
636000
792000
594000
261000
17000
641000
660000
264000
590000
594000
376000
4000
835000
924000
880000
1056000
730000
1056000
1056000
858000
1056000
726000
1056000
1041000
726000
1053000
858000
660000
1056000
239000
545000
611000
1010000
1096000
1056000
1056000
1056000
1094000
1056000
1050000
1056000
916000
1054000
1056000
1056000
1056000
1056000
1056000
1056000
1056000
1056000
1056000
1056000
1056000
1056000
1056000
1056000
1051000
1056000
1052000
1056000
1056000
1056000
1056000
1056000
1056000
990000
528000
595000
524000
397000
299000
254000
333000
731000
198000
1000
343000
1083000
1049000
1016000
1092000
582000
1047000
1060000
1080000
731000
1085000
843000
1056000
878000
1068000
1076000
1056000
990000
652000
1050000
1070000
1014000
728000
1088000
1056000
1064000
726000
1056000
701000
1042000
1056000
990000
528000
821000
924000
713000
792000
1056000
1056000
1097000
264000
32000
792000
1076000
462000
714000
720000
725000
726000
594000
132000
2000
2000
861000
1053000
482000
261000
86000
577000
562000
594000
990000
132000
1000
663000
646000
1025000
31000
124000
29000
594000
598000
765000
881000
452000
618000
558000
461000
572000
495000
236000
121000
1000
120000
963000
1056000
990000
990000
1056000
660000
66000
20000
635000
388000
335000
158000
116000
813000
594000
578000
588000
688000
706000
726000
560000
942000
66000
528000
553000
614000
887000
605000
597000
