186773
993614
1240331
1125925
1422434
1580923
596322
66173
777802
1257668
1197394
1722429
2121647
70835
513993
66228
61704
376521
131995
1685245
1192189
198351
31723
148914
591087
1190499
1527834
540847
1021379
1570805
1048761
732066
471051
497638
133230
2118148
1085035
75214
31030
390031
1510178
2137926
2114830
396745
732379
121720
1605513
1256926
2117059
949596
1395037
1316674
885186
53672
80057
2116602
1219093
2117296
1222357
264598
292031
173049
114389
1125235
662688
590768
77048
11071
704268
208136
440300
109059
129109
143082
8612
122145
976322
198587
2113131
631213
824458
308076
743134
339663
1908564
2118539
2116757
2119473
2111809
1190420
1862346
132912
786403
253240
