110630
47396
1929372
1939709
1931697
1929203
933145
1332119
1115566
1264045
613636
1952901
1933231
1271852
1928919
1930417
1931581
1931336
132889
1064200
1199463
1332075
1928726
1266115
665218
998823
1532242
666838
1139952
1597399
1929115
66655
1469495
1389832
199425
1933566
944913
3075
27548
150237
190453
1684546
1266042
1930558
1929948
1930318
108803
1691126
199445
1398750
1795550
1203827
995895
1065775
132545
142026
86036
47164
3103
1478857
1201348
598514
1598692
1009674
1930033
1662083
1930593
467087
988072
1957096
1776712
998372
1464485
1933150
1931868
1932029
1933157
1933371
1931013
1930606
801931
1051757
66151
1885842
333140
1195221
133355
1577372
1928019
1695000
1931763
1930904
1533316
864304
1060612
1912478
1888063
1659451
532063
1398064
1200245
589004
731872
765913
1131457
1891184
1132272
1931852
1931985
1663346
1728955
1930907
775486
1032053
600440
1265541
1931252
1390222
931960
94321
1398805
1065915
1132813
1331186
1229941
599995
998656
998860
1930784
1932517
1084269
1929739
1930535
1530205
1396406
401334
275064
95308
1000027
1011991
838586
47471
54882
1661924
1931168
1796513
1931915
1932046
1931900
