256000
769000
783000
631000
783000
594000
168000
873000
27000
4000
618000
210000
773000
162000
351000
27000
27000
907000
189000
52000
935000
972000
864000
756000
104000
1011000
891000
783000
891000
783000
1338000
918000
378000
250000
378000
112000
794000
698000
462000
804000
378000
791000
808000
622000
902000
783000
783000
810000
864000
783000
882000
829000
864000
537000
12000
14000
920000
54000
2000
54000
216000
236000
318000
216000
38000
945000
351000
78000
99000
27000
80000
8000
974000
20000
108000
432000
34000
540000
833000
27000
12000
944000
783000
1215000
1105000
972000
999000
945000
837000
891000
918000
810000
999000
837000
1080000
864000
837000
1080000
972000
837000
783000
1026000
891000
999000
783000
1161000
837000
999000
867000
1215000
1053000
837000
1053000
945000
1134000
1269000
1107000
1215000
999000
837000
1215000
648000
821000
135000
52000
999000
972000
621000
834000
27000
830000
378000
540000
81000
1460000
999000
1539000
1539000
459000
1026000
1539000
1182000
1539000
1508000
